 %% C amplitude spectrum implementation
    % coeff = [0.000000, 0.000000, 0.000000, 0.000000, 0.000000, 0.000000, 0.000000, 0.000000, 0.000000, 0.000000, ...
    % 																	0.000000, 33.411149, 31.815871, 29.778722, 28.564342, 27.563829, 26.473560, 25.554871, 25.752341, 25.118447, ...
    % 																	23.954304, 21.345067, 19.526610, 17.968908, 15.410955, 11.279486, 12.570676, 11.680531, 12.064913, 15.393897, ...
    % 																	15.827324, 11.079429, 8.239959, 6.610569, 5.838361, 5.712504, 5.853093, 5.677902, 5.278572, 5.390433, ...
    % 																	6.805924, 4.076498, 3.423678, 3.205529, 3.023403, 2.755062, 2.808081, 2.572367, 2.348886, 2.125532, ...
    % 																	1.958052, 1.831452, 1.717388, 1.667712, 1.487046, 1.216917, 1.251416, 1.753888, 2.035280, 2.098273, ...
    % 																	1.713967, 1.714329, 1.680745, 1.901089, 1.553013, 1.185858, 1.043954, 1.020481, 1.181269, 1.356855, ...
    % 																	1.370399, 1.835487, 2.372067, 2.650552, 2.455239, 2.403643, 2.691563, 3.455798, 3.856046, 4.225251, ...
    % 																	4.923597, 6.170836, 0.000000, 0.000000, 0.000000, 0.000000, 0.000000, 0.000000, 0.000000, 0.000000, ...
    % 																	0.000000, 0.000000, 0.000000, 0.000000, 0.000000, 0.000000, 0.000000, 0.000000, 0.000000, 0.000000, ...
    % 																	0.000000, 0.000000, 0.000000, 0.000000, 0.000000, 0.000000, 0.000000, 0.000000, 0.000000, 0.000000, ...
    % 																	0.000000, 0.000000, 0.000000, 0.000000, 0.000000, 0.000000, 0.000000, 0.000000, 0.000000, 0.000000, ...
    % 																	0.000000, 0.000000, 0.000000, 0.000000, 0.000000, 0.000000, 0.000000, 0.000000];