1024.000000
0.378433
0.253496
0.253496
0.358292
0.362121
0.362121
0.378687
0.378687
0.420968
0.428876
0.474523
0.332644
0.192549
0.320829
0.320829
0.299631
0.282207
0.373010
0.373010
0.419007
0.419007
0.485792
0.510367
0.400530
0.400530
0.468557
0.468557
0.466985
0.483559
0.490096
0.512464
0.519036
0.519036
0.550369
0.507663
0.302851
0.297310
0.336176
0.397268
0.315412
0.315412
0.446677
0.394506
0.394506
0.394506
0.439734
0.439734
0.463718
0.438104
0.423308
0.423308
0.423308
0.246273
0.473426
0.473426
0.371026
0.371026
0.412815
0.414627
0.451128
0.451128
0.506162
0.444388
0.444388
0.456284
0.333797
0.235013
0.162982
0.514229
0.514229
0.421608
0.485173
0.485173
0.458662
0.423190
0.389744
0.462414
0.526056
0.526056
0.517592
0.517592
0.572980
0.472133
0.472133
0.472133
0.476896
0.508630
0.546921
0.546921
0.576681
0.592971
0.592971
0.597280
0.452461
0.452461
0.530665
0.530665
0.568560
0.479532
0.479532
0.479532
0.604663
0.604663
0.610370
0.620558
0.620558
0.601567
0.465210
0.615157
0.615157
0.496432
0.586648
0.586648
0.637415
0.643638
0.643638
0.651625
0.651625
0.627988
0.627988
0.661036
0.700730
0.721677
0.402215
0.256108
0.256108
0.733576
0.562040
0.530252
0.296957
0.296957
0.362934
0.831808
1024.000000
0.214676
0.214676
0.441014
0.504584
0.385265
0.385265
0.508211
0.377854
0.377854
0.552576
0.560849
0.539948
0.437152
0.338758
0.522666
0.484456
0.333164
0.356482
0.356482
0.468873
0.485715
0.422002
0.422002
0.403924
0.422002
0.450706
0.340828
0.340828
0.340828
0.278683
0.311126
0.389735
0.413165
0.413165
0.414802
0.435826
0.435826
0.442098
0.460438
0.263082
0.263082
0.300585
0.348548
0.417170
0.417170
0.324549
0.460888
0.468120
0.468120
0.470349
0.472718
0.264633
0.264633
0.434253
0.434253
0.435165
0.413046
0.377368
0.429482
0.468531
0.473354
0.473354
0.356383
0.403174
0.403174
0.468910
0.468910
0.490146
0.492894
0.492894
0.508056
0.512385
0.472349
0.463832
0.523283
0.452110
0.366449
0.371587
0.383063
0.383063
0.427508
0.429157
0.513543
0.535753
0.535753
0.426996
0.426996
0.496053
0.492371
0.426221
0.426221
0.484559
0.484559
0.539319
0.539319
0.540670
0.540670
0.550398
0.550398
0.536368
0.421085
0.421085
0.452170
0.553020
0.553020
0.556408
0.557891
0.531921
0.427545
0.390872
0.390872
0.531921
0.563255
0.489729
0.489729
0.489729
0.571322
0.584949
0.600452
0.607865
0.609942
0.612569
0.633075
0.672009
0.672009
0.702386
0.805712
0.521506
0.521506
0.638156
0.627419
0.362172
1024.000000
0.697529
0.512082
0.506258
0.506258
0.213856
0.150127
0.394948
0.394948
0.353164
0.451218
0.512622
0.197760
0.197760
0.697529
0.688746
0.688746
0.646879
0.403317
0.325710
0.513355
0.361979
0.361979
0.361979
0.372902
0.401360
0.325010
0.298590
0.325010
0.325010
0.396486
0.396486
0.353550
0.449998
0.419027
0.356261
0.448507
0.450520
0.454502
0.454502
0.463648
0.497166
0.497166
0.435805
0.502326
0.277447
0.277447
0.372607
0.330671
0.256244
0.383391
0.517153
0.517153
0.511954
0.517945
0.517945
0.463982
0.463982
0.518515
0.436183
0.175889
0.175889
0.330432
0.314517
0.256275
0.259575
0.259575
0.318579
0.318579
0.422125
0.331751
0.331751
0.288038
0.343289
0.529903
0.539792
0.524848
0.524848
0.524848
0.514472
0.540662
0.565223
0.565223
0.576316
0.576316
0.322451
0.299091
0.165555
0.165555
0.331047
0.331047
0.435981
0.454393
0.413355
0.413355
0.413355
0.405492
0.452520
0.474768
0.537106
0.537106
0.497921
0.561530
0.573542
0.508942
0.508942
0.508942
0.384499
0.384499
0.526809
0.552157
0.366864
0.366864
0.367964
0.489597
0.489597
0.577252
0.577252
0.515864
0.577946
0.521057
0.367719
0.534656
0.534656
0.546533
0.603647
0.605889
0.605889
0.682672
0.682672
0.687535
0.747058
0.780146
